accuracy: [0.7794612646102905, 0.7794612646102905, 0.7878788113594055, 0.8215488195419312, 0.8282828330993652]
loss: [0.5586701035499573, 0.4865524470806122, 0.4532727003097534, 0.40742892026901245, 0.37749671936035156]
val_accuracy: [0.7857142686843872, 0.7857142686843872, 0.7857142686843872, 0.8265306353569031, 0.795918345451355]
val_loss: [0.4996225833892822, 0.5018702745437622, 0.4612528681755066, 0.42157506942749023, 0.47632157802581787]
